1)0.1077875110336295
3)0.11626730158419617
5)0.4437687371312468
7)0.22208971534694424
9)0.18070486001957167
11)0.09865187978584401
13)0.019462019246851658
15)0.08503233121990182
17)0.36030199582096917
19)0.18708247767587594
21)0.003929739647310007
23)0.028384514998681467
25)0.008451760082519636
27)0.023256902626892784
29)0.47279580995601106
31)0.19850444536781311
33)0.3890972402345007
35)0.022174610821883285
37)0.4596069099409734
39)0.0039032984496725613
41)0.009321472971609986
43)0.015783593623778944
45)0.20740260956176645
47)0.1368556508319063
49)0.017106292369179318
51)0.2175774556509533
53)0.00318466917300104
55)0.016552445509534764
57)0.008684932974798288
59)0.016601968407473387
61)0.09743851812957104
63)0.29293019586168695
65)0.01221634407809233
67)0.3185687520519455
69)0.03465386786270538
71)0.0035512390463354753
73)0.011439904489956193
75)0.06556490749558538
77)0.01922089481669623
79)0.07718753166690605
81)0.004731524193232078
83)0.47921487134052904
85)0.12620775115764338
87)0.2044055433378692
89)0.018362106244715022
91)0.3605257627703889
93)0.4852834314414142
95)0.015591524130614725
97)0.19590535878568105
99)0.07845414073640081
101)0.4743912388679316
103)0.25256900836593515
105)0.1746925317423259
107)0.039905930484490246
109)0.09570762475652776
111)0.2491893806461242
113)0.004831426734846118
115)0.0068168291388051375
117)0.015596304478456306
119)0.005847920813681015
121)0.008067479199023472
123)0.07417644263357902
125)0.10611399685868544
127)0.3746809534808668
129)0.13384207640413698
131)0.08387719649704421
133)0.002172931542926472
135)0.19782082943972337
137)0.008413096328406838
139)0.13628957052803026
141)0.17336064810635587
143)0.002235688742848608
145)0.29456078787580026
147)0.008613304152476294
149)0.27108882978896215
151)0.19836727239436658
153)0.17103673806004557
155)0.09123221471035879
157)0.3520815920780631
159)0.011912066900881842
161)0.020021629039887016
163)0.1462702656868622
165)0.05951676209201831
167)0.33461958072209663
169)0.01920201317320413
171)0.025108495516697294
173)0.09145490405940258
175)0.17649635079016135
177)0.010325204932317275
179)0.003456634068186568
181)0.028308641182617247
183)0.0033879181721592367
185)0.28234510939936863
187)0.4471241244835873
189)0.43260237677284125
191)0.006131257636514263
193)0.015614838950232827
195)0.0028255646252710637
197)0.4658221480829927
199)0.36067344571115134
201)0.06317188147070549
203)0.09926024914827127
205)0.1651690757358604
207)0.4197756366878289
209)0.08913418632908021
211)0.11964603215355606
213)0.08506404146905493
215)0.08824785971823586
217)0.060057056443266206
219)0.09335037082372392
221)0.25808235265758156
223)0.040186379104146686
225)0.009937535866890914
227)0.010772357420654887
229)0.0025582915573430873
231)0.23492279674032054
233)0.17602647456766088
235)0.13695663515385012
237)0.08828213497192024
239)0.5077053668874378
241)0.33091252434606777
243)0.12093689039464255
245)0.2860452043498471
247)0.004883418120951661
249)0.0020920300622608375
251)0.21772138139927563
253)0.010572353443328355
255)0.2372968111545847
257)0.06000270536233813
259)0.1653980487173187
261)0.05000377105395731
263)0.12373931876285184
265)0.21781182757222095
267)0.31347468103584436
269)0.0008618325357990026
271)0.004182210912392609
273)0.30702511454081804
275)0.08854506765688035
277)0.19975291870097966
279)0.010205878381175348
281)0.15252174241740474
283)0.16517773007191885
285)0.13620481086033523
287)0.1266368793498057
289)0.006605630017838993
291)0.35784590609752814
293)0.004491291102531289
295)0.009079513705957542
297)0.11446811013977248
299)0.18731385904515682
301)0.5092079106576068
303)0.0013691087312774303
305)0.14810236872698854
307)0.2051243434493715
309)0.058048833457385735
311)0.009566996007822534
313)0.08588358152073772
315)0.14148662165928272
317)0.07023066903111037
319)0.4590927398982519
321)0.018526515700869106
323)0.3651721862361941
325)0.08865536058188546
327)0.0847533743935076
329)0.45869456892150745
331)0.019952738451669092
333)0.019756403564289354
335)0.0032306886122000548
337)0.465995374793492
339)0.023570835117891317
341)0.003769464502499894
343)0.52634696612702
345)0.47807813167305113
347)0.013271226618019818
349)0.024666561425632793
351)0.020673646034989897
353)0.004000133998459128
355)0.011802864793149037
357)0.21036107864883577
359)0.0662687130249741
361)0.00916888595214814
363)0.004558662381508977
365)0.10739059900878085
367)0.2150064155256676
369)0.1516586622256244
371)0.011542027250303994
373)0.12314936470366099
375)0.007963906804637716
377)0.19000287980775685
379)0.30240402405454997
381)0.05875067485265862
383)0.013661570964954883
385)0.005677059281605782
387)0.45630638927241707
389)0.15394575862257714
391)0.09960538674669626
393)0.15489372822869898
395)0.002056113776344234
397)0.007906490524239867
399)0.4355818454661482
401)0.06792620383499415
403)0.4904530385446062
405)0.06391549755875495
407)0.018898674901909055
409)0.04021809629454063
411)0.004836122013108922
413)0.022593122513741907
415)0.08147763060327644
417)0.16406676706847614
419)0.060084250922608606
421)0.0071740974877630955
423)0.19334342478452693
425)0.22319255617784586
427)0.3655336897574575
429)0.0971970605721203
431)0.005597052027900209
433)0.006662166191626677
435)0.05108756314980514
437)0.27698092673794633
439)0.23216556316218495
441)0.15910934612251573
443)0.08125219986475912
445)0.4434276880570349
447)0.06499450538573472
449)0.3187813238665154
451)0.005445622125145919
453)0.00940031703725067
455)0.21882300286013182
457)0.0955008782518228
459)0.006341146661993977
461)0.004274490478641862
463)0.23687442909560333
465)0.39106350271774826
467)0.5074506458436359
469)0.04640345589671444
471)0.0017967724276799948
473)0.07914612635270547
475)0.45391739493183453
477)0.06595318027525045
479)0.086659567690178
481)0.05981405154516876
483)0.21389450265579338
485)0.08704500060657522
487)0.004764952642036745
489)0.38569695398704945
491)0.005035295911599877
493)0.009025330784472417
495)0.12064606849827891
497)0.018236849614006855
499)0.003176212927810118
501)0.5101872448942851
503)0.2638240999838984
505)0.023136010738827036
507)0.4101361833774339
509)0.06485014862720015
511)0.0874731064649707
513)0.1661369967336108
515)0.013052041031442231
517)0.08561083885405385
519)0.1301484207689915
521)0.31476399048511744
523)0.0954414949275292
525)0.009110112761443846
527)0.01757741012472361
529)0.06211567515100155
531)0.008275823014431272
533)0.1979759923614083
535)0.07508582382353439
537)0.014854194528392803
539)0.007717289416288066
541)0.0050543977939381405
543)0.1393364972288515
545)0.2165528348949656
547)0.07103878183063748
549)0.003864703358324454
551)0.3054799019568815
553)0.020526827182543988
555)0.0842382357651258
557)0.0028085480495692477
559)0.06763549940755413
561)0.13837081568728352
563)0.13853594436827424
565)0.29232199684901256
567)0.49489013885273564
569)0.26991112029235276
571)0.05697583549472338
573)0.05296881853574494
575)0.14726268164817333
577)0.34519954088272203
579)0.008709033206628143
581)0.031406537949076004
583)0.02904785870498193
585)0.07866177517758424
587)0.017160802407192227
589)0.5315947137169528
591)0.011831339472933654
593)0.31727146192005545
595)0.16235607795572513
597)0.007988729080517057
599)0.3597155732850972
601)0.4989238635626578
603)0.04484175705624979
605)0.007635771283263943
607)0.14573366826640238
609)0.09833086367216069
611)0.29386912813248217
613)0.07893055633806091
615)0.025252729150589053
617)0.00769194702747585
619)0.35362814465977105
621)0.4855406976432703
623)0.009320085593954386
625)0.11004517063597323
627)0.03716593873286384
629)0.06517482256941336
631)0.0021269953704564
633)0.006514005414636019
635)0.07281158678262632
637)0.1616421550634666
639)0.05485864712356592
641)0.5097181300276299
643)0.03919797665401024
645)0.009653659422548038
647)0.05834513658198212
649)0.4433949880372074
651)0.008530962602337452
653)0.010213606823276482
655)0.009565818382261016
657)0.5049044355614952
659)0.007733720965538275
661)0.1280764760437577
663)0.07292494047094236
665)0.46229736649541886
667)0.006448647328404168
669)0.4631443714055266
671)0.6092434498821361
673)0.36029048697996835
675)0.11615954736817467
677)0.027968313206411934
679)0.09164525834530236
681)0.4217994678707179
683)0.08697233038937231
685)0.08575652534138016
687)0.01633280480083353
689)0.10382356101164146
691)0.0028197951581141398
693)0.01299352195685055
695)0.0030116074435089387
697)0.5065143378137656
699)0.06522731793011542
701)0.46314472011334673
703)0.004883379288714853
705)0.008291480285383
707)0.07850855016501218
709)0.08793340040128872
711)0.3351198345032404
713)0.09505046498705554
715)0.07406560371494456
717)0.45000146711713557
719)0.47098329611337686
721)0.04484378948117614
723)0.08813963997340345
725)0.012804263770078572
727)0.4940554221719084
729)0.102183585882744
731)0.3720619935170036
733)0.48140666282194283
735)0.3530163792837771
737)0.2808266205716004
739)0.6091876013312545
741)0.10462423443539293
743)0.15023680829891284
745)0.006198900752776498
747)0.1398666237042128
749)0.004294314787193433
751)0.09079660792289111
753)0.13490024197907677
755)0.45351109030573616
757)0.4807962452635766
759)0.3567288820166518
761)0.07660924044002217
763)0.002814667772626846
765)0.15497853892063648
767)0.5076391731857025
769)0.12425877958626563
771)0.13487889586712018
773)0.33843761196951233
775)0.1587892072389078
777)0.003331601578006263
779)0.4333783321958336
781)0.09285649594770212
783)0.004323131053048056
785)0.017677773882776884
787)0.3240870959196165
789)0.30420691524801907
791)0.29482329998909096
793)0.07997815762838306
795)0.10035066529233784
797)0.017568242092380084
799)0.06878281038084318
801)0.022456478128158906
803)0.010411453364905733
805)0.004119291518540159
807)0.06725025892857751
809)0.02057870509197489
811)0.08499858867530213
813)0.4044734363543873
815)0.15206926851037572
817)0.010934828925720438
819)0.1335469157679985
821)0.11117103958118509
823)0.12322263549553798
825)0.012652067463508583
827)0.42774501209443033
829)0.008831923641364934
831)0.27473787411576694
833)0.017184412721962385
835)0.029453719117349748
837)0.0884036425258572
839)0.29044575569167136
841)0.12108612307870374
843)0.4651872480085168
845)0.026556627489537393
847)0.00750144039800067
849)0.005633065890062526
851)0.12496646041854004
853)0.05015617650440041
855)0.010230407269829466
857)0.3194847217020162
859)0.008350106589416475
861)0.36271986666658934
863)0.19101161000480738
865)0.08936936570039102
867)0.002550145768152374
869)0.09993258044380597
871)0.3375530860250015
873)0.010260235158832847
875)0.1917482733743152
877)0.43874827234040764
879)0.0050322856504166754
881)0.033136861969445985
883)0.07226858819834175
885)0.08709045792447562
887)0.12973682429897812
889)0.4380387401085926
891)0.3548659230921167
893)0.07978828454361671
895)0.17810820842695038
897)0.04305792392441194
899)0.16499939456031398
901)0.0005492230244263761
903)0.02930964106717036
905)0.06134265814820045
907)0.18014582570102852
909)0.05745958800377387
911)0.004018049380022607
913)0.00474535531360524
915)0.0016819796948827261
917)0.08954534606427929
919)0.17602852765312457
921)0.08627603145731826
923)0.0901153504491843
925)0.06981143789559033
927)0.27845784865733963
929)0.05338548972106194
931)0.487577614855555
933)0.006887063987833869
935)0.36466160365491157
937)0.00889332939303159
939)0.34608813550626416
941)0.2149008847654776
943)0.005940597174688217
945)0.073885910652218
947)0.04037358197638975
949)0.008395656786454094
951)0.15306857627973236
953)0.07614658805810863
955)0.35209703845178203
957)0.3929192176078384
959)0.09146871802814294
961)0.48149565890836876
963)0.006327632415061138
965)0.08429428826534403
967)0.004600907827391272
969)0.44610717038198766
971)0.4495025646749466
973)0.09827459187600844
975)0.001895256359285209
977)0.013161447413602465
979)0.05683830235384202
981)0.46614513407889757
983)0.061719029242198326
985)0.0076758491457315885
987)0.06799578834508059
989)0.25826878678869675
991)0.10745965151688947
993)0.03485080604495087
995)0.21397571952203345
997)0.06333477311375853
999)0.4338851960862138
1001)0.025619726403172255
1003)0.17163621827639378
1005)0.052989696417539596
1007)0.003094670724320144
1009)0.2543958900320436
1011)0.009852393114625463
1013)0.014905869561408339
1015)0.2859669920037343
1017)0.002765573839907549
1019)0.03084533025708029
1021)0.282791919476639
1023)0.09736638010879657
1025)0.006340676420560707
1027)0.1088975583998627
1029)0.1185775118532511
1031)0.08455699732933124
1033)0.02785183264986121
1035)0.27086739044924596
1037)0.08062932940541091
1039)0.03795703029237623
1041)0.03382235007741057
1043)0.005980951957625258
1045)0.009039738802582784
1047)0.009417472112759165
1049)0.10280120169238431
1051)0.3851763443020306
1053)0.040130306959791896
1055)0.019022717737721614
1057)0.016997708423729222
1059)0.007166785661742006
1061)0.08297001767078137
1063)0.005988068089899295
1065)0.004378152193358718
1067)0.008245867857386943
1069)0.0861728164610196
1071)0.07718743450091774
1073)0.00533064331109057
1075)0.14424571364632113
1077)0.02275262663105689
1079)0.3323322740257553
1081)0.11520203714267951
1083)0.02087000679578717
1085)0.06865260665076824
1087)0.012804196660544637
1089)0.026420619703365764
1091)0.005204155817350827
1093)0.002195695776194455
1095)0.004094036577249612
1097)0.07449802316009171
1099)0.16368650685551134
1101)0.06749826290266903
1103)0.1094107298860744
1105)0.01822160430668079
1107)0.00975586784998969
1109)0.16437183603320812
1111)0.08224170099306606
1113)0.02081501431421039
1115)0.01204927575897845
1117)0.18883138844340622
1119)0.17089545681540622
1121)0.0695127542718022
1123)0.47334316211622035
1125)0.02245351247925982
1127)0.006578075672018144
1129)0.45443373911595725
1131)0.10223098978081722
1133)0.08632219294360093
1135)0.11087980526788642
1137)0.009483044523426121
1139)0.025563285373878558
1141)0.07486173682785985
1143)0.16546408840481933
1145)0.5175000351929904
1147)0.22235320640944678
1149)0.07581987513607642
1151)0.13101289635432517
1153)0.1424454684914039
1155)0.010818759234051997
1157)0.027673946104958286
1159)0.15681470223369653
1161)0.057655124873272325
1163)0.010176187025146595
1165)0.18300066528177572
1167)0.09524532342687919
1169)0.18201914806081487
1171)0.01456506356418493
1173)0.1630410339116597
1175)0.5023621417134663
1177)0.0314248819194182
1179)0.005090008006080882
1181)0.014673628958519423
1183)0.006636911832864317
1185)0.015079392033550167
1187)0.1631101903124644
1189)0.19091190375197506
1191)0.009349742375530627
1193)0.09671170990055222
1195)0.21631158480809823
1197)0.24595584502346357
1199)0.20909745518795855
1201)0.0040335745297882695
1203)0.4977663985972711
1205)0.09778550054294556
1207)0.020411128018559734
1209)0.08099545791044432
1211)0.004814781456155221
1213)0.1176605817928828
1215)0.02483367960018634
1217)0.49093856809539443
1219)0.09599629123542686
1221)0.04055008846711138
1223)0.010998210208630003
1225)0.07220262869347678
1227)0.15613899912285192
1229)0.010286105448506513
1231)0.006206497886379771
1233)0.12681735596377994
1235)0.004649400930878273
1237)0.15956391199544506
1239)0.3906677476957876
1241)0.03747756670783605
1243)0.4627475488456059
1245)0.0071501178549881065
1247)0.0458722466182793
1249)0.005232186889050531
1251)0.06941329428650204
1253)0.08375731509074359
1255)0.012654583691130079
1257)0.015292867862550479
1259)0.06351214523057348
1261)0.29723770079604594
1263)0.23050270788864993
1265)0.015491615004315168
1267)0.1669990335121209
1269)0.17141844806975268
1271)0.44493827489949206
1273)0.06033654021221024
1275)0.059965538239021926
1277)0.07365161085780535
1279)0.07978136385272455
1281)0.07503318999459631
1283)0.05858151454574756
1285)0.01313101687269031
1287)0.003485522522851394
1289)0.11543530353319005
1291)0.10305102774621284
1293)0.05630918262867957
1295)0.10959693977725217
1297)0.014163867522198626
1299)0.009298915543086877
1301)0.07279895256943787
1303)0.01993770606763658
1305)0.08136084942691503
1307)0.015369170712406363
1309)0.008435974714848032
1311)0.002708183649553965
1313)0.016100992694929102
1315)0.010353944601992664
1317)0.004113084882148936
1319)0.00848148842484502
1321)0.34052687833726175
1323)0.1601157873803434
1325)0.16284131485222925
1327)0.07373346156073717
1329)0.01736901381108906
1331)0.023392952393948858
1333)0.49994174517063544
1335)0.24964658306465978
1337)0.06184127098766042
1339)0.023921283068629857
1341)0.08559694425225066
1343)0.24060883579727668
1345)0.08081358410064246
1347)0.42480512858020686
1349)0.19943781671358243
1351)0.08758832795369254
1353)0.0036756440082723915
1355)0.49781838755960744
1357)0.3180455909506345
1359)0.021466205142223513
1361)0.02001776417993868
1363)0.08465740274802747
1365)0.15737742513222577
1367)0.012780321430579616
1369)0.012641102402050934
1371)0.02064004848454051
1373)0.35342276703847153
1375)0.06570158732251971
1377)0.13606706999221593
1379)0.013924459336964503
1381)0.025113962009238173
1383)0.17358703810831688
1385)0.0330713279759517
1387)0.32023875747260133
1389)0.5141027494170597
1391)0.01085629010851138
1393)0.01461255656306872
1395)0.3970731421985909
1397)0.10581562462706239
1399)0.008810425903032503
1401)0.0027928515502865237
1403)0.24374253963658551
1405)0.01986118465898008
1407)0.05729998482114829
1409)0.19941742701663942
1411)0.481787130134677
1413)0.00640560601534139
1415)0.018036356204819554
1417)0.01217779895791663
1419)0.03271575186880852
1421)0.05861254883970236
1423)0.015853513316182122
1425)0.1221533991139337
1427)0.46288135634723376
1429)0.3697079631277747
1431)0.4776876315975538
1433)0.06020462283676114
1435)0.47417391603416165
1437)0.4419342786481178
1439)0.08584454934346297
1441)0.45479471902458063
1443)0.029069932651601155
1445)0.11237264275780967
1447)0.5002342720441365
1449)0.15848219037566633
1451)0.5156325061824473
1453)0.012145091796637732
1455)0.09967388815217915
1457)0.014055196896215006
1459)0.014326677056299439
1461)0.5213645964560444
1463)0.12270969268130483
1465)0.43562964432168094
1467)0.0037074681449504447
1469)0.03064604987858967
1471)0.005588994898727946
1473)0.07045109767808698
1475)0.07296218765949593
1477)0.008782533656312706
1479)0.029541103966612085
1481)0.07258895430565608
1483)0.13350610290940287
1485)0.07134985339761252
1487)0.425885427037535
1489)0.008548594779632726
1491)0.0906309844939055
1493)0.44325280581110515
1495)0.004122013084372745
1497)0.4231952478116167
1499)0.005160258731858287
1501)0.13402887663424998
1503)0.21513096969906428
1505)0.07278390786660212
1507)0.012490564989766952
1509)0.11208344185777214
1511)0.003234865148567813
1513)0.31817478450657183
1515)0.08849873657067193
1517)0.02457957795761663
1519)0.031895338240077405
1521)0.16316472211634334
1523)0.014500218909426286
1525)0.005328845581676023
1527)0.0037236237262743
1529)0.1363947575914948
1531)0.07085625813060144
1533)0.014429069950620259
1535)0.010559307031430189
1537)0.13052322243132197
1539)0.16726348429232893
1541)0.08259514258859592
1543)0.020170515642283653
1545)0.11549857517724084
1547)0.02329553806658181
1549)0.0061492034195561865
1551)0.06339455704324319
1553)0.41911899374316786
1555)0.11667915146764324
1557)0.005600480059504726
1559)0.07686127343888276
1561)0.396954073741196
1563)0.09303352869126362
1565)0.009382246452731278
1567)0.14551311260558367
1569)0.011862617327262242
1571)0.01766558427406739
1573)0.05930941790521985
1575)0.026729210527875105
1577)0.1142537052399832
1579)0.4136152455378859
1581)0.01366612026365014
1583)0.004576527683486348
1585)0.0022901270040373164
1587)0.35630372312995107
1589)0.20166373027352535
1591)0.07531677986545787
1593)0.4210507449273096
1595)0.008073768911008965
1597)0.054022628360048626
1599)0.06722475011793999
1601)0.06567776522089738
1603)0.3086414534759884
1605)0.17740570519750518
1607)0.1496933652817952
1609)0.004205318924844387
1611)0.016034100815223485
1613)0.32191220813659943
1615)0.004051580056546291
1617)0.2675481814504734
1619)0.3234188714778657
1621)0.42523857489205796
1623)0.0066831395051388425
1625)0.00265813182548631
1627)0.27922239980821234
1629)0.09965201991464012
1631)0.00794249220597553
1633)0.0030634747127813344
1635)0.4566694566053937
1637)0.09237930022847418
1639)0.08478896173553896
1641)0.35272225768937965
1643)0.011181520971895205
1645)0.1321276647332058
1647)0.007235480853791017
1649)0.27925823062870553
1651)0.02078099960221083
1653)0.011786977134556837
1655)0.0970590478763187
1657)0.07982880804282398
1659)0.005729351866556646
1661)0.007311788676689693
1663)0.0756036196951518
1665)0.3206652740724678
1667)0.002281338356140305
1669)0.01695750613419427
1671)0.08730105833172551
1673)0.02971116522153285
1675)0.01654146729129611
1677)0.20693424750421374
1679)0.10001289695794109
1681)0.012870755329713553
1683)0.17719040123504812
1685)0.006222020961562504
1687)0.01652287311547871
1689)0.16250535467432684
1691)0.06799227192881478
1693)0.009368655180763815
1695)0.3555567762065803
1697)0.12166844073307709
1699)0.009619895654921332
1701)0.019136240700703213
1703)0.0035148802739248357
1705)0.0330456559021566
1707)0.0029171534722344204
1709)0.08719829883000259
1711)0.0640823786515687
1713)0.020056019193248707
1715)0.5166437578598517
1717)0.15363540194546316
1719)0.46556656390370527
1721)0.00730884463313087
1723)0.06407619799625973
1725)0.014464866384910883
1727)0.33680580026203466
1729)0.35718077242325313
1731)0.004625371896186167
1733)0.05796964453134092
1735)0.10570896347350771
1737)0.010732307211680128
1739)0.19943023867373658
1741)0.061616578523403555
1743)0.4593266260494546
1745)0.20486241827788534
1747)0.49563339122446387
1749)0.004755602487675796
1751)0.010674638224780047
1753)0.36149695257005937
1755)0.07340589112674764
1757)0.016816925043726963
1759)0.13770832792901083
1761)0.4869508315863169
1763)0.038918038550576885
1765)0.1995212875960135
1767)0.07262639529287296
1769)0.1094070212618156
1771)0.001044949422391619
1773)0.3972666665506949
1775)0.08734508567852188
1777)0.023168389320065663
1779)0.0012361907188415987
1781)0.05927543654882602
1783)0.18378807687926688
1785)0.0017128736823278426
1787)0.00593079923348874
1789)0.24006094428164848
1791)0.33608269851667677
1793)0.36029294593705563
1795)0.1329432359125797
1797)0.007868502133785114
1799)0.03884734702969001
1801)0.4716165638068473
1803)0.02289088551053785
1805)0.15421920921261614
1807)0.01276518829003033
1809)0.11429374705695615
1811)0.010165025823882191
1813)0.0951158102500802
1815)0.33500551159176056
1817)0.004355026435331858
1819)0.07257277867621774
1821)0.030665821924692988
1823)0.1771287696134336
1825)0.4056021555805322
1827)0.3309197035931639
1829)0.02592556159579767
1831)0.14956094625368724
1833)0.019356525660874334
1835)0.07766055253565798
1837)0.17603224749435523
1839)0.015115184739560401
1841)0.003831539990268954
1843)0.026708699347038817
1845)0.39365666704853425
1847)0.09562819953292641
1849)0.057828132873675324
1851)0.34917908473260467
1853)0.012786061075719148
1855)0.4170910626885642
1857)0.008196248287354215
1859)0.3402315217819956
1861)0.010465031007861563
1863)0.024233955332042135
1865)0.012526671910360625
1867)0.016951301005036435
1869)0.18178530739908985
1871)0.481869531963019
1873)0.003157118237390922
1875)0.009382554953874184
1877)0.21120783218202943
1879)0.05252773519732285
1881)0.1770420772078012
1883)0.21000620966125072
1885)0.15898641657907478
1887)0.4733855254409603
1889)0.0039017430683964405
1891)0.1682971157414739
1893)0.2997166172585078
1895)0.08625640445126548
1897)0.015411595762524412
1899)0.0032539867564096926
1901)0.022087466763206026
1903)0.05849295091049341
1905)0.006546366548949673
1907)0.17952690296550644
1909)0.35484173755397436
1911)0.09455813224004307
1913)0.01748383317266082
1915)0.12647473585029914
1917)0.029693722511053386
1919)0.30516974008768355
1921)0.17937466094638568
1923)0.0073458568497837004
1925)0.010779821545512956
1927)0.01961762494888478
1929)0.09666785072080514
1931)0.005938877427406196
1933)0.38488265656875337
1935)0.4833869468561907
1937)0.08958286370058206
1939)0.150801095490751
1941)0.1694928149462723
1943)0.06233472905440745
1945)0.002188129808723949
1947)0.07681242179717751
1949)0.22169771133982796
1951)0.5053539698731015
1953)0.021006694999405412
1955)0.013688315775204109
1957)0.01702623569811784
1959)0.19021971334668772
1961)0.018528584956558975
1963)0.3298385012129376
1965)0.0018398283434634371
1967)0.019861576082569544
1969)0.0026959365346296226
1971)0.08569917597256042
1973)0.13941901885371574
1975)0.16127886990240933
1977)0.02031058760890415
1979)0.48300719366172357
1981)0.2260434906855966
1983)0.021005644241851442
1985)0.010867721790718104
1987)0.08327092161117287
1989)0.25760928712202485
1991)0.06265658225601452
1993)0.4408109833541684
1995)0.043481375776227765
1997)0.2468068655150133
1999)0.17169893538639622
2001)0.06741522466509527
2003)0.08817473042806066
2005)0.008505564866166016
2007)0.01733712756004216
2009)0.15727260609593266
2011)0.003674484188432019
2013)0.010423520231701183
2015)0.10968775830281315
2017)0.35792059596865844
2019)0.06741581126137793
2021)0.09401983658690283
2023)0.1319911223550844
2025)0.3246892921534921
2027)0.005112785215593641
2029)0.08938475670867653
2031)0.36775818887732487
2033)0.10105860899838744
2035)0.017903832984619908
2037)0.006224346140906639
2039)0.35382099811795475
2041)0.17777561992534138
2043)0.18611656426803
2045)0.07638392816137678
2047)0.001989165424812939
2049)0.1882944256551192
2051)0.09657408729602333
2053)0.2360053389800737
2055)0.07602561502280453
2057)0.063488708202986
2059)0.0376474038323492
2061)0.01619049177787003
2063)0.012910686999187841
2065)0.01663705559827113
2067)0.003782508765322569
2069)0.05977016971831814
2071)0.19558093828341624
2073)0.06896225399668633
2075)0.1399331488927256
2077)0.02200094844713679
2079)0.08465472599616243
2081)0.07562998823264809
2083)0.0010945958785269416
2085)0.2525005700202294
2087)0.21261818393516038
2089)0.010613495940028389
2091)0.46033751581200777
2093)0.3559490188480816
2095)0.003692601112759678
2097)0.13894184748421742
2099)0.36883778525452765
2101)0.19561423697733507
2103)0.02213104129707927
2105)0.15812501046318034
2107)0.21682130246351652
2109)0.04948462891937363
2111)0.1252312671488001
2113)0.01002850526776083
2115)0.02161370305600017
2117)0.01260932369734507
2119)0.005306114274978503
2121)0.05735322409327514
2123)0.007906398651670265
2125)0.009929726888985474
2127)0.00542103473092492
2129)0.10584192513245905
2131)0.09149700027209462
2133)0.010263117009970407
2135)0.017676140180961135
2137)0.24049818602493897
2139)0.08550237065234208
2141)0.40351802277199106
2143)0.0017282142266829518
2145)0.11023401815776641
2147)0.5033701524772444
2149)0.027988410372726227
2151)0.02564006152460117
2153)0.08341184981920312
2155)0.03967236099436179
2157)0.07153921715325888
2159)0.38655295536753576
2161)0.07349593771065709
2163)0.49837640015857304
2165)0.1011846594394044
2167)0.007612653322633407
2169)0.48467614614683735
2171)0.00197931088692008
2173)0.004474430352507219
2175)0.06518889746251609
2177)0.10608057183126075
2179)0.1278167164887893
2181)0.38332541256248936
2183)0.009854160909336907
2185)0.04547509956520612
2187)0.012461242298216864
2189)0.022270527819670965
2191)0.10533292347383127
2193)0.008536545099771286
2195)0.08878457525164929
2197)0.48038904898293283
2199)0.04476203426829579
2201)0.010094393246542011
2203)0.01917186618078481
2205)0.20982446499560317
2207)0.13639433377206703
2209)0.0063173373734643525
2211)0.0037951631008272782
2213)0.5073376068700375
2215)0.05932455083079082
2217)0.458067259429715
2219)0.005014736407025434
2221)0.12792144434826666
2223)0.011264912829821455
2225)0.06169715489042527
2227)0.012560884216322113
2229)0.01413451578982304
2231)0.1613165224882931
2233)0.48104193638968745
2235)0.23663886446139962
2237)0.01190591548683601
2239)0.07241613468204189
2241)0.023125816555617726
2243)0.36327591953379934
2245)0.3196999750421973
2247)0.060864258422679694
2249)0.009311818485889361
2251)0.007551794293537144
2253)0.20854020263628129
2255)0.2957992148279054
2257)0.05189825443380946
2259)0.16555260508732392
2261)0.0157128560081461
2263)0.052543273483300894
2265)0.007902882129413388
2267)0.2334868600102965
2269)0.16245990807036081
2271)0.032074037681900446
2273)0.008590296681275873
2275)0.22903208689676036
2277)0.004394761014558028
2279)0.09163709756980352
2281)0.05928916528194262
2283)0.010392337672511265
2285)0.10464510632493453
2287)0.30755373992837637
2289)0.3640683839390591
2291)0.11658014547531631
2293)0.09736492506106403
2295)0.04487146900715246
2297)0.08508671735508805
2299)0.12908165518301437
2301)0.02109730315461537
2303)0.005583282112940774
2305)0.004228247507995791
2307)0.5236193942845659
2309)0.08214884679578012
2311)0.05229068681293722
2313)0.05885909454920631
2315)0.03038750980874096
2317)0.022277377224326073
2319)0.14292534614177493
2321)0.05998119571976551
2323)0.12376239945586963
2325)0.0041736902426037755
2327)0.33226540442731345
2329)0.3024728395021388
2331)0.006145525222820376
2333)0.0182765671259419
2335)0.3508706542894298
2337)0.07548060116711076
2339)0.34938410074961396
2341)0.16635372325864473
2343)0.006337070238596372
2345)0.48753600601489494
2347)0.10907054971327006
2349)0.002843866260787387
2351)0.11675278905263269
2353)0.021035913532341365
2355)0.1602746740911446
2357)0.07497641611633123
2359)0.4399751382722026
2361)0.008407189151928148
2363)0.0647423108337435
2365)0.15767324977146446
2367)0.008747901918443648
2369)0.0568930479994415
2371)0.07765825617099296
2373)0.0068445464806917425
2375)0.008294835078648128
2377)0.00704645198955231
2379)0.0010721690647840976
2381)0.018897108677617777
2383)0.019915818140542572
2385)0.07159722605315133
2387)0.0062799981908870225
2389)0.017398174579535162
2391)0.09421526184769803
2393)0.03263040952031789
2395)0.00511102944566786
2397)0.008050658412329643
2399)0.04159198701823812
2401)0.010530565884594804
2403)0.0009219598119167326
2405)0.012245970709290753
2407)0.05620541612838618
2409)0.01099963252063825
2411)0.023079894878953507
2413)0.010739898515718662
2415)0.13954663151901422
2417)0.0044030518490510455
2419)0.08167895464606008
2421)0.016703855115032556
2423)0.15532869726829254
2425)0.058735758784533965
2427)0.020396109622318068
2429)0.09420021448761795
2431)0.007887412687259473
2433)0.22199900834975664
2435)0.014577736386430123
2437)0.014828808699219403
2439)0.014240719808809614
2441)0.008527927836206931
2443)0.25492535229439894
2445)0.13317782319254998
2447)0.10411069051409484
2449)0.0733999002071966
2451)0.009232378774668695
2453)0.06065058002256141
2455)0.46270684983212584
2457)0.23737396488323403
2459)0.13935849421396154
2461)0.0046953028263540435
2463)0.017109083316233415
2465)0.007986245031363423
2467)0.011432086260627397
2469)0.28868417453903744
2471)0.00550877483646151
2473)0.01937470573627258
2475)0.010902225500419182
2477)0.05365425822179672
2479)0.019338968486754354
2481)0.07043038104502901
2483)0.19784630749960322
2485)0.15517692656856572
2487)0.3594209555475383
2489)0.08886316808412031
2491)0.09465147457203738
2493)0.11746272639989068
2495)0.07319807024976109
2497)0.4626402969781985
2499)0.00754224245201578
2501)0.10719820648516021
2503)0.011100679520897655
2505)0.061985787730475424
2507)0.013856207678090234
2509)0.06466811887918544
2511)0.006154624580366352
2513)0.01314021253349471
2515)0.1717039378477755
2517)0.30256747634361947
2519)0.01169093015626267
2521)0.36152305407391805
2523)0.27567283206309784
2525)0.013455024210231417
2527)0.06188519867998412
2529)0.09403234978962387
2531)0.4249081219737409
2533)0.48662323421525633
2535)0.1821485604166044
2537)0.15167209580492785
2539)0.1402974639260844
2541)0.01985555858437095
2543)0.4353758565531544
2545)0.4338890977593058
2547)0.012198588563724494
2549)0.08336370645377124
2551)0.013273188156552575
2553)0.01374657812444363
2555)0.11707727364843008
2557)0.1339368837476037
2559)0.008540654287403224
2561)0.13536523469563266
2563)0.26643387416257197
2565)0.16368859346074352
2567)0.08034243635094124
2569)0.026830818191214773
2571)0.013189523487246987
2573)0.0927384972813724
2575)0.08126682265258715
2577)0.05642111639710331
2579)0.0835372833287039
2581)0.00484445955881856
2583)0.05045023886659663
2585)0.08861642116951314
2587)0.0012923801147883363
2589)0.05273505193366044
2591)0.38100771127952293
2593)0.013967818760055406
2595)0.006509756798974878
2597)0.06507766475891852
2599)0.02929342632514703
2601)0.06995206936118599
2603)0.4635250632514281
2605)0.05890776234064587
2607)0.1610833313581486
2609)0.3578645948728838
2611)0.07671165942293348
2613)0.47580889025252765
2615)0.03619677390983842
2617)0.14575324494651662
2619)0.16242791660855374
2621)0.07669576389531847
2623)0.06259665532627012
2625)0.4552109674481027
2627)0.16549676748738737
2629)0.1391734977803923
2631)0.11030892887692399
2633)0.14742423220135717
2635)0.03329657056903882
2637)0.46298150700977736
2639)0.0114024524388716
2641)0.33827918465834644
2643)0.15200097995889136
2645)0.10364512776651653
2647)0.49538394875017966
2649)0.005867784932222114
2651)0.06342460069550453
2653)0.014466453342253889
2655)0.012418892177097093
2657)0.29196646036243973
2659)0.03729524409517946
2661)0.4758327171591281
2663)0.1209132709771802
2665)0.10681412122282964
2667)0.465844521124781
2669)0.005804919844429252
2671)0.4479682829261256
2673)0.05871368783967878
2675)0.3767683475104772
2677)0.012691044938993585
2679)0.008662887566908936
2681)0.2358168867231214
2683)0.03593207609035397
2685)0.526377984034392
2687)0.20526064669600844
2689)0.14297138847142518
2691)0.22981054325185737
2693)0.44193423697986206
2695)0.07012700165483123
2697)0.006841296139486787
2699)0.019658644109684976
2701)0.09764420197795498
2703)0.002022332661537144
2705)0.0140789124351245
2707)0.0008680928573631669
2709)0.36421088987087763
2711)0.06372627952909775
2713)0.11557536829356119
2715)0.01766066052842208
2717)0.014964515759927766
2719)0.09378013695935748
2721)0.011172537232044366
2723)0.07822320801096701
2725)0.006859029235553721
2727)0.007407213792744818
2729)0.043232894035664625
2731)0.1357073097513308
2733)0.013327247124053969
2735)0.005447992175807658
2737)0.003278185620869975
2739)0.35743112370808444
2741)0.08646218685707653
2743)0.0679734824151768
2745)0.00861333895797112
2747)0.007197701367104306
2749)0.13981821804921493
2751)0.015884147788645834
2753)0.030392555858845167
2755)0.1951305991748269
2757)0.27574757662203075
2759)0.1138489104588422
2761)0.00587626624070207
2763)0.006296945155246435
2765)0.32257144482591643
2767)0.46149121883236566
2769)0.4334480881848804
2771)0.27231025045676116
2773)0.09464148615886359
2775)0.06248595132582665
2777)0.01852676505374646
2779)0.3044228353601401
2781)0.3972823230816242
2783)0.028010072650510334
2785)0.03276354298389858
2787)0.4630385002264619
2789)0.060328818373705795
2791)0.016718295564282903
2793)0.11492369234084991
2795)0.45116003065229254
2797)0.10021464669573248
2799)0.42886688459301175
2801)0.06333111810915058
2803)0.39226329403340704
2805)0.005293384356339471
2807)0.3654077524512833
2809)0.09318838777921366
2811)0.0750710016040197
2813)0.3336358093315765
2815)0.010297846629551981
2817)0.25488973984532587
2819)0.40079340490410575
2821)0.12914064920204787
2823)0.07321247341016716
2825)0.011673392653868844
2827)0.06632752102553165
2829)0.0009363923271224839
2831)0.051613216104265135
2833)0.004784679016431538
2835)0.012126716253285203
2837)0.10124014183822229
2839)0.0023860178174551186
2841)0.18735608892508004
2843)0.44201989877343467
2845)0.002104916472171063
2847)0.051661990608780635
2849)0.06360231345135879
2851)0.0043002730202130945
2853)0.005196391031259325
2855)0.0033738741073227416
2857)0.1038869250967686
2859)0.038897084909249875
2861)0.004941760619566104
2863)0.2932811871411404
2865)0.27067214757023944
2867)0.16052667794494288
2869)0.038276187148584113
2871)0.0033827780644043247
2873)0.048016134065157166
2875)0.08997569876559901
2877)0.11479004782588552
2879)0.07755386364221112
2881)0.35566872583215914
2883)0.1286089488756042
2885)0.008409816236689039
2887)0.1755993709821296
2889)0.284775140563489
2891)0.07193535767075103
2893)0.12520973053817264
2895)0.01730062103254382
2897)0.0198815348577757
2899)0.0025460170237552606
2901)0.09950161529346678
2903)0.06115378107101773
2905)0.04367751397997113
2907)0.24376853821420422
2909)0.5451902822509035
2911)0.0018558698912751789
2913)0.0022945599765946323
2915)0.33705521555543605
2917)0.08320761913297513
2919)0.1335385056503066
2921)0.019515677973805445
2923)0.44220779651010417
2925)0.26937856670893096
2927)0.17392293344766918
2929)0.40976037611487387
2931)0.45554357552860436
2933)0.1276409878824276
2935)0.22696204994326422
2937)0.02836784057627371
2939)0.28258233857226167
2941)0.02139485868230523
2943)0.44924353978861115
2945)0.007076554740094414
2947)0.3133898936045773
2949)0.02162079906477835
2951)0.22119441712249543
2953)0.06974683218193985
2955)0.19576410140296693
2957)0.08929795715377405
2959)0.010668438173915273
2961)0.024888024631008702
2963)0.00965951110068925
2965)0.0060529818750802164
2967)0.02030469054030653
2969)0.5165445163474849
2971)0.07850350181491429
2973)0.31940472728926333
2975)0.006284416086626146
2977)0.0573552216588252
2979)0.04418256768943494
2981)0.005800602126262725
2983)0.002874458736184734
2985)0.06296903254687897
2987)0.2689668973498716
2989)0.4219243477443482
2991)0.012022875569262544
2993)0.021449006809149938
2995)0.3956884830059577
2997)0.30088576301437425
2999)0.009233393196650367
3001)0.15198031590623856
3003)0.30833454519775993
3005)0.017272602333865097
3007)0.21385383860877397
3009)0.09187997469567884
3011)0.007442955645368597
3013)0.3445301296425131
3015)0.005864226976888791
3017)0.25624476478186664
3019)0.014245442320531225
3021)0.10717407677761114
3023)0.2243925913370791
3025)0.017963768447199064
3027)0.05089022995917059
3029)0.22417448058199954
3031)0.41000210706657997
3033)0.016838583119809913
3035)0.06888113373457995
3037)0.6158282953732134
3039)0.4617667175029975
3041)0.003953517677078639
3043)0.04761883398645846
3045)0.03135160794508818
3047)0.2459042495941437
3049)0.4374532785065723
3051)0.4520056587620347
3053)0.4489037758987995
3055)0.041618266440200204
3057)0.2290675652075751
3059)0.4770699038681088
3061)0.06149504108492613
3063)0.016865637549566482
3065)0.4859394013807668
3067)0.08280278626740781
3069)0.35069389615831176
3071)0.01337010185781586
3073)0.33174949906884216
3075)0.008955234813693617
3077)0.06736822400263581
3079)0.15040955448205104
3081)0.006162418543885012
3083)0.019925774381966087
3085)0.00690696925599215
3087)0.45375752949688364
3089)0.08920901277468285
3091)0.5121009972728031
3093)0.09178053444182536
3095)0.015156710544070091
3097)0.005976528248000046
3099)0.019630348499612555
3101)0.4566459241402215
3103)0.22241025602514006
3105)0.021605086673409147
3107)0.008537596511550042
3109)0.4574625115220698
3111)0.16547658646303554
3113)0.5095970717218581
3115)0.01918474652805602
3117)0.1498782568551985
3119)0.43233562612340576
3121)0.46077635689434454
3123)0.009274263909620686
3125)0.191162766333859
3127)0.011775692468601216
3129)0.004866926102886735
3131)0.02505113902724562
3133)0.06315419497104456
3135)0.011600075016517187
3137)0.3113050778428735
3139)0.015554212687275701
3141)0.041427127223003075
3143)0.09067825195102132
3145)0.16026629756179123
3147)0.0034934576554272664
3149)0.01185652040076563
3151)0.16991225347454475
3153)0.04549347391998624
3155)0.4806442631501852
3157)0.005692096812090468
3159)0.005935374370629447
3161)0.026049879196629402
3163)0.32432885112172766
3165)0.06571683513720668
3167)0.14949267998299856
3169)0.014159874448172368
3171)0.061478000430019004
3173)0.04161756400734607
3175)0.015288104273750517
3177)0.0039050695657688195
3179)0.08235983823916422
3181)0.008931097996524612
3183)0.004812130839995503
3185)0.021030087115727333
3187)0.20875867303402862
3189)0.2225569292863231
3191)0.09394773771762414
3193)0.18123672368840374
3195)0.004904431913809771
3197)0.2032060939160604
3199)0.30720062009508053
3201)0.08113079936922117
3203)0.5110238190146276
3205)0.28460977302590723
3207)0.08198854247237998
3209)0.0011440707474783117
3211)0.07314373252543038
3213)0.5159616671676107
3215)0.06685495226306218
3217)0.005745444042045664
3219)0.0693861680945977
3221)0.004365357056614099
3223)0.09121169285378918
3225)0.05818726238598746
3227)0.003940297283015397
3229)0.019977631104316444
3231)0.0037153035854239035
3233)0.013281682267434423
3235)0.010084936504757782
3237)0.09592148871910415
3239)0.5057706243014648
3241)0.0032796567605086393
3243)0.005358547361594295
3245)0.34636950852790127
3247)0.1408722267279244
3249)0.0033018550943784337
3251)0.06580643028267912
3253)0.08424878020505878
3255)0.2573490397011732
3257)0.10775955938611541
3259)0.18354018945772424
3261)0.014024836869358579
3263)0.02707693775907929
3265)0.023707694079434
3267)0.16606894631603927
3269)0.29828101048570077
3271)0.01570763016187073
3273)0.0032938438924254784
3275)0.2766404254607225
3277)0.17269555069131182
3279)0.08476720988808746
3281)0.3203972559974297
3283)0.2347950431686081
3285)0.0860297724377919
3287)0.2416857198795573
3289)0.04229069542178788
3291)0.014138803343081624
3293)0.4942412789733847
3295)0.017058772033988843
3297)0.011268785566334663
3299)0.009149041613601737
3301)0.09581057946480472
3303)0.47867841784763715
3305)0.005290660562849321
3307)0.010900769323915016
3309)0.27425108810003346
3311)0.16696991314956325
3313)0.4436226306275655
3315)0.3540835681775878
3317)0.014379563885849307
3319)0.005384156588298987
3321)0.4890957554712953
3323)0.20977000754349293
3325)0.4843273692484144
3327)0.004799376116892463
3329)0.0018669660182705208
3331)0.345064939785987
3333)0.3469326874199798
3335)0.14531870721063017
3337)0.11072754187115995
3339)0.13565969791890822
3341)0.0157129493657879
3343)0.1641502277714343
3345)0.28591232210362194
3347)0.001813453086112385
3349)0.07697665669421982
3351)0.18275701485172488
3353)0.06422815880918302
3355)0.011800079259267543
3357)0.005382491750307489
3359)0.0828759626355461
3361)0.18034265640052127
3363)0.01053276193526688
3365)0.05291390669198744
3367)0.2067651822362175
3369)0.371995069509569
3371)0.010642604070336542
3373)0.06041091627773935
3375)0.466572650615175
3377)0.16032314677658638
3379)0.3654715394406714
3381)0.029483083599625776
3383)0.12514147377205453
3385)0.02202671290776692
3387)0.4888827675412571
3389)0.15990224556044663
3391)0.00454893683415089
3393)0.02069454345952267
3395)0.08006014837931022
3397)0.3727810510510965
3399)0.05030607746488596
3401)0.002134903357658951
3403)0.04504128225304943
3405)0.05657606011214892
3407)0.0055798198014498064
3409)0.014914790588106524
3411)0.4507924652531912
3413)0.017006942550140593
3415)0.1517585226366258
3417)0.31199915071075696
3419)0.08552185057872835
3421)0.016923544517702453
3423)0.0071094612224487175
3425)0.11072670879589418
3427)0.011653500864497854
3429)0.09926048255983287
3431)0.013550530600289365
3433)0.013670957956660646
3435)0.04047533117470842
3437)0.1868689224966834
3439)0.03880531053766813
3441)0.10024275918286761
3443)0.4173352439216036
3445)0.05836610748318577
3447)0.12405793047303966
3449)0.02079164158572382
3451)0.010476006834410752
3453)0.023188708157866753
3455)0.004708917187255364
3457)0.47068334956216096
3459)0.05826909449687482
3461)0.060033593028574396
3463)0.4699097196959621
3465)0.08872629130875542
3467)0.1728853654084932
3469)0.3647794620098767
3471)0.18775775082544674
3473)0.007656220510878002
3475)0.4674210853872613
3477)0.0018165358639839785
3479)0.006474189565938204
3481)0.08011887792877186
3483)0.0146347369460021
3485)0.012496328879240385
3487)0.36547911029882857
3489)0.023776495540238692
3491)0.05023254329420287
3493)0.005502332166091964
3495)0.31510986382861006
3497)0.17108556592756818
3499)0.011999260852695615
3501)0.019830123842836066
3503)0.5336533331651107
3505)0.22965636769046152
3507)0.351915495189901
3509)0.010674391829717918
3511)0.1728005847278303
3513)0.12625218457960127
3515)0.06615595049019053
3517)0.1072253729281172
3519)0.4750512150149895
3521)0.014410317220883173
3523)0.022840680709837923
3525)0.007074049630222629
3527)0.06415717020279786
3529)0.00644026296161035
3531)0.27953025653198965
3533)0.0008952150465105115
3535)0.21170838690130842
3537)0.17452046469013113
3539)0.007609624071350438
3541)0.2620150103376236
3543)0.07672987707943994
3545)0.3982697504099279
3547)0.05321009079593874
3549)0.015503195059987408
3551)0.022800037634646938
3553)0.0539239633290259
3555)0.0023872166578743433
3557)0.22723390091828985
3559)0.10277146645071507
3561)0.004318307362400324
3563)0.01545272150672807
3565)0.17180715366528534
3567)0.06684133313218817
3569)0.19983983935514227
3571)0.0144418075823581
3573)0.08182644823872605
3575)0.00942277253140398
3577)0.45660578170518457
3579)0.004700860235786221
3581)0.45151860166221097
3583)0.08985114038118064
3585)0.364387085326287
3587)0.01537524626845759
3589)0.047389514893103085
3591)0.15004608317422702
3593)0.023092148046990824
3595)0.4149560052056353
3597)0.1324041267992331
3599)0.0682394600691199
3601)0.03443934217717697
3603)0.0657887117819849
3605)0.4738399703519342
3607)0.056540876268860785
3609)0.47005869388529103
3611)0.4784693868107657
3613)0.0620680209577977
3615)0.007870432604836167
3617)0.018103473735051775
3619)0.17032621376232152
3621)0.09920384536470118
3623)0.06210561430523365
3625)0.024783346240767445
3627)0.4478495277311314
3629)0.028509282156723704
3631)0.07970811255131709
3633)0.0034166314883550507
3635)0.04055549056419141
3637)0.1467023147849765
3639)0.17821672523459953
3641)0.16202980714067924
3643)0.010178991951516494
3645)0.3825413941003985
3647)0.012110190420786399
3649)0.18074728281816202
3651)0.11150706519659535
3653)0.34506940247529033
3655)0.09042215068164366
3657)0.004978841379259955
3659)0.05621921061446989
3661)0.193822018011654
3663)0.1267033025456916
3665)0.008705133391764076
3667)0.21071827393917383
3669)0.021931254620158883
3671)0.18752581515506986
3673)0.010185034459124115
3675)0.4396773194714915
3677)0.35023198731593763
3679)0.1423067708710599
3681)0.26287883496138414
3683)0.027938222613015415
3685)0.13772176288663074
3687)0.010950694258024413
3689)0.21797306960117854
3691)0.4793104688527132
3693)0.02369458506399097
3695)0.13015033628669584
3697)0.14900983811638394
3699)0.0946631352446846
3701)0.011598206649061906
3703)0.006507221302249345
3705)0.008592396845970888
3707)0.10601205095274448
3709)0.003590318408150068
3711)0.0077252757592597724
3713)0.007074854892306522
3715)0.028174925375044638
3717)0.45213489242593496
3719)0.2950310695290513
3721)0.1375560661221458
3723)0.004410849457998881
3725)0.06207986153589199
3727)0.002121046434903147
3729)0.15201537726133293
3731)0.37520743511410365
3733)0.06362775191184657
3735)0.36895699864378567
3737)0.0086039333771212
3739)0.14834955631861177
3741)0.07477604706919953
3743)0.22939666863787397
3745)0.20931925771270354
3747)0.3355614449229302
3749)0.2947498821075492
3751)0.3574015511442656
3753)0.0629357489486854
3755)0.011960917727917299
3757)0.0441753360932853
3759)0.005699433811093599
3761)0.4340847506042326
3763)0.06686116272795477
3765)0.2963663601867493
3767)0.10460505401305097
3769)0.009555461658380249
3771)0.08379609755233713
3773)0.003724847988652913
3775)0.07368268723992864
3777)0.08461559977165482
3779)0.15508964992445765
3781)0.05943614455078394
3783)0.018749275933437354
3785)0.004466509461126561
3787)0.3332461320006029
3789)0.017776806648803437
3791)0.19419446823770517
3793)0.05342201510820702
3795)0.017718460167648366
3797)0.4730310686580554
3799)0.1964527663178716
3801)0.08556813062059195
3803)0.3769907474556328
3805)0.07781152952356189
3807)0.08727650096358348
3809)0.5290816929096231
3811)0.11753013718226524
3813)0.005178242884403671
3815)0.35533560225998223
3817)0.058877695801383086
3819)0.35793630454435443
3821)0.0037417674788033316
3823)0.06768295644490056
3825)0.43847331635335857
3827)0.1879306722838857
3829)0.045124986764701495
3831)0.018183168884951195
3833)0.005886216427093401
3835)0.012355030786597035
3837)0.0028969753551876965
3839)0.14667547308308512
3841)0.35493632850032525
3843)0.06520292015449296
3845)0.48241255721850423
3847)0.49465894688484385
3849)0.1778253602578804
3851)0.0066200737795796645
3853)0.002949889645332053
3855)0.0821865384605789
3857)0.055892246003443107
3859)0.08765833880899875
3861)0.06069286779845179
3863)0.004317202798997992
3865)0.14464345100899142
3867)0.08774560711794545
3869)0.07127125685660503
3871)0.4367833542547712
3873)0.10908803133118666
3875)0.014263288123838737
3877)0.2237070242344045
3879)0.024590606067761672
3881)0.040314445926045744
3883)0.005240178101622271
3885)0.05877997562632217
3887)0.19765997708176586
3889)0.010847779743901087
3891)0.35930288847457964
3893)0.2789156669483473
3895)0.06288835702103149
3897)0.08660773369077411
3899)0.11356087299686185
3901)0.016215657474194175
3903)0.07193110551208742
3905)0.1707639134576604
3907)0.07153970312620046
3909)0.045728025972920756
3911)0.34546752785300944
3913)0.053927733605066745
3915)0.09339430723226853
3917)0.1478955027313662
3919)0.013427329892442505
3921)0.00872979957503725
3923)0.02808420209567652
3925)0.15623288440632102
3927)0.057338882501039634
3929)0.38275173853627625
3931)0.05469804936144435
3933)0.3983650549008753
3935)0.056087391933287545
3937)0.04210256151575831
3939)0.010232569853342907
3941)0.06685253258688718
3943)0.26893041267897405
3945)0.008540299689348546
3947)0.12621216760937826
3949)0.04057927052671924
3951)0.17661759667899826
3953)0.00401447390694334
3955)0.01056768902554235
3957)0.0599215533602144
3959)0.12708189524447863
3961)0.22296924728511833
3963)0.16916644760613098
3965)0.09626052975292772
3967)0.17151994303968976
3969)0.4106216307393937
3971)0.012750902913693256
3973)0.11058286831316498
3975)0.00499329632476312
3977)0.0038083690800839957
3979)0.339958346154358
3981)0.016467584281702485
3983)0.0789191659724932
3985)0.09167463256559638
3987)0.3400499659769866
3989)0.016665268412965343
3991)0.14607480202177467
3993)0.0016116596582068387
3995)0.24686157695013347
3997)0.01260838586683341
3999)0.00489801546221482
4001)0.011835525095149972
4003)0.13154292526153022
4005)0.34344541776291515
4007)0.08764271483408682
4009)0.0015373382248994965
4011)0.08929680557361058
4013)0.12137437004447206
4015)0.5254559127749604
4017)0.011942038853205737
4019)0.36540309257270936
4021)0.47269904308270494
4023)0.003602781253412067
4025)0.28082842851938405
4027)0.10304564867739247
4029)0.20998593345170047
4031)0.03822168109812806
4033)0.032864961929430926
4035)0.026803539142596422
4037)0.08523941345984386
4039)0.0037491382282985024
4041)0.23551530910979182
4043)0.13706506710906632
4045)0.09521561965581012
4047)0.20540228900966115
4049)0.11990418878599633
4051)0.1042777011388082
4053)0.005988904124370258
4055)0.0016490260414512717
4057)0.08808861449680422
4059)0.011199027184395588
4061)0.0016158994094790545
4063)0.008888577580942116
4065)0.13071264829381676
4067)0.0727973587103136
4069)0.01040383106356155
4071)0.09042365932522657
4073)0.08193328644961986
4075)0.20645159313034167
4077)0.052653616248463986
4079)0.47707451735645656
4081)0.11298270838973012
4083)0.00843607141298011
4085)0.07309471148395318
4087)0.014294815715500899
4089)0.4452585035841259
4091)0.5965858436213888
4093)0.4787998870328569
4095)0.018411563651590204
4097)0.1448650799662883
4099)0.43537854404200393
4101)0.49837300398032186
4103)0.09313681070890795
4105)0.16861825956122647
4107)0.013340070646161483
4109)0.17963953584359668
4111)0.16508737353290814
4113)0.4042566629779512
4115)0.0022546651715455537
4117)0.06510883328258062
4119)0.022315216737639868
4121)0.009910855858702687
4123)0.1640459089527239
4125)0.20317549358308648
4127)0.0799367389498078
4129)0.005948104776754647
4131)0.2926823139738063
4133)0.055829856325052385
4135)0.18492788550492353
4137)0.08260793649129465
4139)0.23904495623029967
4141)0.0367664148808671
4143)0.014887127729509652
4145)0.37030262206599524
4147)0.0037625919077522705
4149)0.0029603041826342727
4151)0.07150458725163464
4153)0.016846546006284994
4155)0.023767678406594366
4157)0.0681222929444015
4159)0.01998295560478867
4161)0.003987181353722921
4163)0.43852304617089227
4165)0.46071104310366096
4167)0.09588319714770166
4169)0.19816944069135248
4171)0.008510004938006988
4173)0.4729005057769246
4175)0.059815195402252684
4177)0.2875021254634153
4179)0.00714335801271752
4181)0.45846233951034554
4183)0.006093429455858585
4185)0.016194099504932224
4187)0.014130740969836457
4189)0.003448367715040632
4191)0.026111625104570633
4193)0.06361547796090473
4195)0.08668612091519871
4197)0.18397645073371194
4199)0.24626059468966102
4201)0.14151183433595732
4203)0.1296394220559773
4205)0.10332520511150077
4207)0.0583557913366908
4209)0.013348668503802813
4211)0.09501428368156399
4213)0.2995753074277649
4215)0.00837704986899292
4217)0.14857545948995302
4219)0.06959570649195812
4221)0.32763770603621184
4223)0.08672289050303643
4225)0.11050026677827329
4227)0.012112030666176775
4229)0.0032870789767968575
4231)0.023730078837245577
4233)0.31407289660737897
4235)0.012387351830980867
4237)0.19682449779829705
4239)0.24684111132231257
4241)0.00416523966334813
4243)0.008958459124469955
4245)0.01371452805871739
4247)0.5589904481065563
4249)0.011319832684257998
4251)0.21639831370368254
4253)0.009563696652095544
4255)0.08763882013412394
4257)0.011348755110165894
4259)0.44043672503375175
4261)0.4976730171561743
4263)0.07130963602835733
4265)0.007985428856963746
4267)0.3879722766388971
4269)0.04089198746223361
4271)0.006200207903903645
4273)0.005007769551177695
4275)0.009249586758526976
4277)0.058892859870670146
4279)0.08613521392124562
4281)0.061444287386668094
4283)0.012563457591893902
4285)0.0036645668629702445
4287)0.00735063390176108
4289)0.3095521045133495
4291)0.27450060886456024
4293)0.33954817999269093
4295)0.48183440020777263
4297)0.006814339110960779
4299)0.05560474603229049
4301)0.1730356511840343
4303)0.16416754819142768
4305)0.15958371928014262
4307)0.04917084570449815
4309)0.4440597533174024
4311)0.5260942499617102
4313)0.0238565626454952
4315)0.10619212629012253
4317)0.10840613040041362
4319)0.007455918316783452
4321)0.005944193768025567
4323)0.47980628978620654
4325)0.09494606468053972
4327)0.08647284452561609
4329)0.08265829525626503
4331)0.05859266176664221
4333)0.44236936997147974
4335)0.16487321773024902
4337)0.015601687111730995
4339)0.022603005345781135
4341)0.14321801935226972
4343)0.16353817721051772
4345)0.028589820103065076
4347)0.07309752623142796
4349)0.463083124744704
4351)0.22970873644165538
4353)0.12899661467196874
4355)0.012786541289003764
4357)0.15572614049988967
4359)0.5369419276190368
4361)0.15128632228963387
4363)0.08996496944706671
4365)0.42488415157557613
4367)0.15868504276576267
4369)0.041400428563127915
4371)0.44372952851787767
4373)0.15220671082492518
4375)0.21564896294107014
4377)0.004266585216310718
4379)0.03237533421361336
4381)0.08522045355919927
4383)0.0959845844422204
4385)0.307025801451689
4387)0.4398197346180091
4389)0.35213631450522537
4391)0.01702461714957734
4393)0.2529852929601144
4395)0.07850196677955035
4397)0.007842586472377027
4399)0.4893907842926999
4401)0.08026633339628828
4403)0.1468073754882572
4405)0.11021160590080802
4407)0.1415887411793237
4409)0.07544683322746812
4411)0.16828926808847086
4413)0.23178304901550706
4415)0.0052201802291760935
4417)0.15690168111624134
4419)0.0974348958568112
4421)0.08135508242849589
4423)0.0484911940786061
4425)0.029696977107383657
4427)0.4416698680614973
4429)0.0024992972366343776
4431)0.014502765204174794
4433)0.05898299215795463
4435)0.024898621573969524
4437)0.08051338080638026
4439)0.16373494431417718
4441)0.477977160278392
4443)0.060336228332429465
4445)0.05949309412076237
4447)0.21118880410277863
4449)0.001855466548490273
4451)0.09190496088233996
4453)0.26601481021608037
4455)0.06289198570398839
4457)0.23297805597525115
4459)0.11142723171912543
4461)0.14905443869031634
4463)0.3311189057608412
4465)0.07900584148210113
4467)0.016625989549455083
4469)0.3437710002051233
4471)0.16277391779376546
4473)0.38588957768630133
4475)0.040053469110174815
4477)0.35154135958530097
4479)0.08846335739949023
4481)0.08451877265578163
4483)0.006441503125928072
4485)0.2846931337158522
4487)0.01676264210701194
4489)0.030807456749447557
4491)0.21666083244531195
4493)0.06170124118427698
4495)0.012493009517779383
4497)0.28302745905033194
4499)0.2431650473179063
4501)0.3717670951885106
4503)0.01734017439490505
4505)0.5006846014071297
4507)0.05433692788148307
4509)0.1528799139053522
4511)0.44452356876941584
4513)0.006114246817259626
4515)0.4712417101407387
4517)0.3915953632531428
4519)0.06996399831696724
4521)0.025563800788486215
4523)0.008025871561532942
4525)0.00806144043040343
4527)0.2672602147895806
4529)0.46215306201654677
4531)0.0124492934674991
4533)0.06667897607770366
4535)0.1402500947536711
4537)0.024640514111148672
4539)0.022433155827500006
4541)0.06390360858884439
4543)0.1006854814364901
4545)0.6204196970854001
4547)0.10771032108067417
4549)0.1263689805144286
4551)0.4810461091376365
4553)0.04263713897590319
4555)0.08233306845201772
4557)0.10897047285946732
4559)0.3516591678922852
4561)0.19062925479387105
4563)0.03174910450034654
4565)0.061833835922073636
4567)0.5578277472108826
4569)0.003138732811814137
4571)0.33836186033678944
4573)0.016178554491628017
4575)0.0033943413468362454
4577)0.011461047680129115
4579)0.01794219311057146
4581)0.5021191218967527
4583)0.2917220681998356
4585)0.08368420268259213
4587)0.06635619018098461
4589)0.009985730132524137
4591)0.00985234998319775
4593)0.08573751496368585
4595)0.0052078968402127996
4597)0.062245522547963776
4599)0.015431928866266804
4601)0.011465251326617437
4603)0.4616684748403115
4605)0.1658195458301989
4607)0.20213097934077406
4609)0.16961802150554695
4611)0.27961080549002265
4613)0.13102511524893534
4615)0.0026579025401754276
4617)0.2805823361212439
4619)0.5316034827532329
4621)0.01316239940543869
4623)0.01215164636169236
4625)0.33440531464614703
4627)0.003833805567792852
4629)0.011290194602551483
4631)0.0752741391367159
4633)0.1098176217400373
4635)0.36111868405399977
4637)0.19138452875513126
4639)0.16495149652367083
4641)0.1828574106235149
4643)0.36818813351401114
4645)0.2500509615219996
4647)0.010689630772779644
4649)0.014736459487253502
4651)0.06724284308374003
4653)0.20370482903051493
4655)0.46774026558553605
4657)0.12229935386376845
4659)0.2921008291712129
4661)0.0020014356464747424
4663)0.00611324911026824
4665)0.11221845480714408
4667)0.07097200837996133
4669)0.06035065483623789
4671)0.33203982138735133
4673)0.4776268914512531
4675)0.33095515782942847
4677)0.059923503755426245
4679)0.08837555540848514
4681)0.26739270410991217
4683)0.04988723343218553
4685)0.012245384297385491
4687)0.07640624234067252
4689)0.0903142328891185
4691)0.26219190178072616
4693)0.5093407856097296
4695)0.21541666127748585
4697)0.008360093692524473
4699)0.12047765983199536
4701)0.07550964980464249
4703)0.0048128338056395445
4705)0.04467440936146225
4707)0.027286218299441733
4709)0.14413507520874927
4711)0.0023722882237677614
4713)0.013027200478735528
4715)0.03552196529415032
4717)0.26884293338762966
4719)0.005776265505043925
4721)0.0037292430485037728
4723)0.01125968291434612
4725)0.2681821798137592
4727)0.3795775636889158
4729)0.19769183047122685
4731)0.06428164229456645
4733)0.01363996959490018
4735)0.2916253699156121
4737)0.017667952804453702
4739)0.13719590293054698
4741)0.007904314920377666
4743)0.007842586472377655
4745)0.08737783950937568
4747)0.19947974648670522
4749)0.059540458954200154
4751)0.46049032304112747
4753)0.04520232046904702
4755)0.29481816037110653
4757)0.01485132627339135
4759)0.017676834917177076
4761)0.19550651100118344
4763)0.028353763542009174
4765)0.4185057844144511
4767)0.007559610267581161
4769)0.0035173738367870362
4771)0.08317154488727276
4773)0.43160303664108285
4775)0.28940737944311407
4777)0.0674783397528544
4779)0.019302803236478854
4781)0.04093450748010649
4783)0.16310905193816339
4785)0.0030475047429501536
4787)0.010182172763645405
4789)0.0590873064481981
4791)0.37482982540713977
4793)0.0274470302538443
4795)0.16111792115157972
4797)0.0922556561357516
4799)0.13495466340885193
4801)0.484487241359883
4803)0.009976991542651513
4805)0.02293250497470795
4807)0.18434600741032572
4809)0.013795933392327422
4811)0.09075190356003453
4813)0.07458486876706358
4815)0.0861487563185474
4817)0.47648662503454986
4819)0.37921322740654967
4821)0.4931075744255728
4823)0.01962916795435023
4825)0.11756713922503377
4827)0.4976414361376655
4829)0.07701447541584933
4831)0.1479327332231655
4833)0.1438781132515459
4835)0.548973782540641
4837)0.4846426393593695
4839)0.08074128591760815
4841)0.04620032128612617
4843)0.08846117195584856
4845)0.07353909720737013
4847)0.14253372186884206
4849)0.034457015616095314
4851)0.2379850405307966
4853)0.029265241609385973
4855)0.09915526028939274
4857)0.08466064155597575
4859)0.39114301876597546
4861)0.16864946921251192
4863)0.01626328414537269
4865)0.0018513158084269702
4867)0.025040845910974913
4869)0.01221307824338999
4871)0.532032805139908
4873)0.020187353961197366
4875)0.1278830491356934
4877)0.013780842948517119
4879)0.03842243660226142
4881)0.2110714385991851
4883)0.31055363263038904
4885)0.13085337765271535
4887)0.45776834878812417
4889)0.13728688728924754
4891)0.012503612375225147
4893)0.4999268322170202
4895)0.001979063395692623
4897)0.22576196628910994
4899)0.010651947561350473
4901)0.11395442006682559
4903)0.13956423009636332
4905)0.10093467678940886
4907)0.09812414119579525
4909)0.408741731642192
4911)0.00931753651732443
4913)0.18447430807240506
4915)0.3291461228224408
4917)0.19922575950869056
4919)0.24007758345348884
4921)0.011403885725953909
4923)0.405141779140852
4925)0.08267047305817268
4927)0.09116164381049552
4929)0.007140032591227905
4931)0.019897725560148728
4933)0.03172525482301873
4935)0.005464447345212523
4937)0.11739591017049988
4939)0.033666360227607245
4941)0.08654560128689703
4943)0.024710733513888958
4945)0.0021430294631060395
4947)0.014363224089153264
4949)0.29059406970700724
4951)0.3017802845385118
4953)0.0008981844197420356
4955)0.06009793979975375
4957)0.0969183903000842
4959)0.12170733227967993
4961)0.11452264191149424
4963)0.451098044106965
4965)0.0034400502851183786
4967)0.09584833426323004
4969)0.4543464630847847
4971)0.3850056598583323
4973)0.050283137342034705
4975)0.07457493583334747
4977)0.012143121892746175
4979)0.16819145652260836
4981)0.28203396603939274
4983)0.029552429834896202
4985)0.01704491353473249
4987)0.5473443594711187
4989)0.3532382155082861
4991)0.013540103326954276
4993)0.19725654539551732
4995)0.08051928913078381
4997)0.27959051427470766
4999)0.06311679403497496
